-6319014.85742630,501649.905055500,3811163.95993761,1260.89201220394,-7635.89026964528,1279.38767940680,23045.50505239, 93.66327098581763
6250901.74508471,2734534.66439829,1465438.49481882,-3275.78263423169,6128.65428814592,4105.72424051227,23045.55502069, 97.9162680812621
-6385719.38119540,-6097767.57566741,3285611.15279334,4815.37694574050,-2866.77507161107,2296.94934693071,23045.59078819, 91.56757709890164
2156451.83093765,6465078.46442377,-1940748.59025557,-7170.11597307656,752.646698347869,-3912.87841729851,23045.77364918, 112.18761618777788
-2422582.62191196,-5450696.83297507,-3678013.45256422,7102.89227661876,-3529.33765756275,1609.28570826360,23046.02004945, 100.29521117744252
5243702.40368457,4297814.21318987,-1065237.52954418,-3871.71860141676,3239.42132718241,-5770.78636898581,23045.8628314, 110.4630054597265
6171144.57267114,1545684.61484311,-2964128.71803525,744.807471038654,5881.13492651958,4657.31546692092,23045.80274474, 104.80480859900753
6542573.72628739,-2157081.23983666,1248572.29680874,-121.927721719283,3268.42352285726,6889.79646387132,23046.11437087, 87.98790526814409
-2915977.28353746,6484713.11363973,1055226.68004587,-3059.60843185116,-414.877173075172,-6727.53382583133,23045.91356327, 112.86387666870478
-3320382.08240552,-3038716.75233027,5385734.76008771,-276.271084942282,-6610.03949928898,-3726.97229686601,23046.14310058, 87.90858874619425
7631801.43722534,-1966824.78024691,180507.871885030,1118.89006137090,4726.03345803042,5246.65391127473,23045.50390925, 97.73830387287352
-1829159.21260998,-6588290.74857488,4274545.75124147,5993.78412423256,646.700213589141,3543.72362583219,23045.82727733, 88.99419182696928
-5578195.75606683,-1870080.75881536,5363298.50852079,3908.50320326644,-5550.24811433230,2030.27371888671,23045.52525743, 91.27389535876925
-7198593.74144095,-2362996.52682494,-130684.016498954,1877.21922114552,-6052.76161214514,3411.88079377735,23046.11562819, 109.04301306711632
6600222.38916454,1267750.98663654,3491548.21721040,-988.705538228268,7076.74237592046,-788.190188296656,23045.26741666, 115.98694108905687
3595777.97644721,-5139388.55726560,4845565.73883717,5748.71847943552,3887.81161005643,-1497.42593580928,23045.72427449, 90.8166318410959
5642647.86813293,-1263428.90106161,-4643257.20319870,1506.30607010531,7043.64657553389,-0.682391857703327,23045.16289349, 107.72894486052252
-5817363.59143084,1533881.45582735,3264157.39595994,-1702.34863917386,-7628.58916176042,516.894612850865,23045.78995202, 96.03726724750177
4333096.05982190,-3242739.73089571,4454395.97719498,1977.38399999608,6645.66826721449,2938.90440448166,23045.65614142, 90.27303620312148
3881409.63532276,-3020875.71882260,-5342922.61587836,6142.10741428656,691.749072216971,4119.55361503147,23046.30062793, 90.2165690727391
-1826208.46882509,6370906.11263574,3029362.71128275,-2305.18946190070,-3594.10363952624,6051.35914328652,23045.84486995, 86.19314917820974
5987569.69104277,3904835.06594486,1054854.91138677,-821.722428106817,3010.02343674141,-6762.40049183809,23046.21468486, 101.89216493335675
-3668108.83568424,356032.448026859,-6131371.78853781,3575.81760816693,-6112.47626258173,-2419.38109731315,23046.24361305, 114.51963165634837
-6643011.27264531,-1924925.94879978,-2217813.47364973,2831.87663687168,-2364.24054180248,-6376.31929492778,23045.60716573, 97.84696018600573
-4307200.89934178,-2923003.93977253,5148062.30840202,5876.91756977856,-946.592468926615,4318.43650261166,23045.87948141, 105.07238112858956
4369464.19974251,4042466.61942590,-3748057.37056675,191.255886741499,4959.48442026108,5657.81537633774,23046.144713, 92.59934052408477
3234263.68632362,6189793.55215119,-1436306.13974028,-2077.55169368713,2553.78716237266,6721.31707617932,23046.24804458, 79.74001799998243
-5094683.69569982,-3908273.45396686,-3203453.62315455,-388.721293735878,-4473.64633388922,5941.45058547338,23046.23426211, 89.30404730883706
2418082.07124060,-5557803.12987445,-4032992.06851028,1772.30329306836,4658.04752668806,-5449.41597915814,23045.16104749, 107.83085814034763
-2244337.28126486,6130412.71122355,2872281.30725326,-2086.89924395605,-3700.20009377465,6159.56345218165,23045.57497131, 91.70489840951498
2610557.00491635,1277433.02851936,6556370.70642800,-4623.70390688735,5774.26742798673,760.910405061983,23045.91578336, 95.53791799858185
-532563.923660275,-2829048.38362135,-6651131.12009149,7176.34016010726,-1887.49350356582,295.494029767219,23046.14467404, 99.14439833444655
6075911.33441331,1941845.14063904,-3442903.70399520,1947.35951133355,4117.96594804918,5869.25263339739,23046.19826705, 96.27198541994649
1604125.68134502,-4459876.23222069,5584098.46153089,2724.50891266920,5679.35328183316,3785.22915284962,23045.84481881, 101.85754217294834
1218298.08975747,-7117791.53056970,845676.561332456,3058.21520641131,-336.152946164332,-6746.36878829375,23045.86535093, 99.41056953796063
100382.632544698,5505783.21035844,4594348.79235468,-3859.76330270429,-4071.09726578484,4937.58758380014,23045.51535979, 101.2001726470197
6917779.14437976,-2067353.78760386,204004.949043018,1039.13744695350,2747.38954000844,-6856.16933062020,23046.14297977, 89.53450510332492
741822.443930193,-2987662.55837014,6437494.66208964,7185.19348830911,-1427.62443170175,-1527.72314362460,23045.73580981, 111.35207600679031
2637635.14091922,4489466.77488920,-5029866.52115301,-5659.23914155934,-1711.70718771706,-4503.95336992664,23046.2105906, 97.89576955374619
-6448220.37110381,2044557.59204315,2842720.17915178,1519.33498980323,-3809.11322032664,6111.10675385491,23045.57270458, 86.18268526528827
1688263.53581041,-3380174.96850406,6232618.23497676,6897.63717213771,-1064.99747180201,-2470.71102226762,23045.02423291, 118.02995092253751
-5504567.31535646,-282778.376905487,4762197.61948385,4351.67714272593,-3607.94377344247,4757.15361435261,23045.60200559, 113.40982458710255
2989610.38960255,-2803627.01421911,5965456.76566542,384.016303780856,6752.93066478131,3010.22342233901,23045.79570767, 87.735148310468
-1618740.10409082,-6712064.97046117,-2452918.39996528,3604.89447733999,1323.98745607030,-6250.10550414946,23046.16561711, 100.08035922578931
-5676883.97291827,-176094.524782616,4673391.27318760,-3900.76668693582,-3957.29788392703,-4813.86456904841,23046.32814004, 101.46823027075762
3795557.33286058,2441674.75242175,-5578554.80164940,-6299.25610058012,1570.22786928487,-3726.73398111747,23046.06797147, 96.7912582316401
-6608255.25161903,1187736.45620696,-2851374.56577811,2036.53135469878,-3589.96024493287,-6108.42450663651,23046.19486649, 97.5871308116599
899906.130627562,6170020.05510764,3500079.17019825,-2855.27656761539,3689.07853278741,-5817.73411617948,23046.26757563, 94.34614619401482
-3048261.63596462,-7019504.25639185,1521960.55749262,1916.03086964295,-2690.11632279585,-6325.99439783111,23046.10916056, 98.83302696184839
